regime_label,prob_r0,prob_r1,prob_r2
0,1.0,2.988965104586197e-106,1.5295401753828617e-85
2,0.0019699758576156054,8.37781126318321e-05,0.9979462460294174
2,4.15932710366529e-12,0.01961878059264378,0.9803812194034807
0,0.984367725177596,9.27723316563616e-05,0.015539502490317615
2,0.17574224581862985,0.0002415620215464018,0.8240161921600397
0,0.970199722335307,5.670913618922236e-05,0.02974356852874612
2,0.3414610148770802,2.5302578779137504e-05,0.6585136825441014
2,1.2293337057771607e-05,4.5997437374495894e-05,0.9999417092258598
1,6.74394267376115e-31,1.0,7.233054419382876e-64
2,0.0003964174054827298,0.0006119836230028533,0.998991598971539
2,7.053089614692965e-08,0.0008819363829060631,0.9991179930862816
0,0.6298561523032884,0.37014384769666864,3.5808095577113615e-14
1,9.871454795689583e-42,1.0,1.9655078283338514e-18
2,2.1650517880097823e-08,0.00305381370769163,0.9969461646418313
0,0.9997173774411766,7.425638883381812e-05,0.00020836617027043163
0,0.8746401178294962,0.0013961833188871281,0.1239636988520318
0,0.9980843291044944,9.79144544379738e-05,0.0018177564410797348
2,5.637910178332039e-13,0.0281631995914063,0.9718368004082336
0,0.9915031135989784,4.029004213832115e-05,0.008456596358971898
0,0.9999149836792062,8.480835281618288e-05,2.0796784301477883e-07
2,4.252335912000797e-08,1.9586127663593162e-05,0.9999803713488425
0,0.9841817572207053,0.01581824277875569,2.1692593443105402e-13
0,0.5628056585286139,0.0001695487218447566,0.4370247927499652
2,3.734181596261403e-06,1.3032533241820322e-05,0.9999832332855936
2,0.00790234816930071,7.420630531041172e-06,0.992090231200266
2,4.332527602217414e-07,2.4926503685729422e-06,0.9999970740970697
2,2.399694798783352e-06,4.103440251227304e-05,0.9999565659028629
2,0.0007823872980859728,2.1321339431342334e-06,0.9992154805683522
0,0.9999863624009293,1.1959579898306651e-05,1.6780194989983144e-06
2,2.5929910141457866e-07,8.80928032661019e-06,0.9999909314203357
0,0.8473797900177467,1.3354227469658536e-05,0.15260685575451324
2,0.3159015130569845,3.0430724556728914e-05,0.6840680562180848
2,2.71080344341976e-07,2.5690436434861257e-06,0.9999971598758152
2,0.2340380430025558,8.850936876834921e-06,0.7659531060608792
2,6.967697052419347e-12,0.0025478019148858387,0.9974521980784683
0,0.9938353822292056,4.914242983115818e-06,0.006159703527739916
2,1.6258280564394776e-06,2.2025306327633836e-06,0.9999961716412666
0,0.9999937285452893,6.2695701359562806e-06,1.884122442820373e-09
2,6.821218348109448e-07,1.3922779419159085e-06,0.9999979256002605
0,0.988760698072452,2.2045299720079525e-06,0.01123709739785408
2,0.000606156525663952,2.0171673322229e-06,0.9993918263067338
2,8.547877301583478e-08,2.4048347152435504e-06,0.9999975096865541
0,0.9999940493039207,1.5072793199355174e-06,4.443416976213124e-06
2,2.7992879920388488e-08,5.555376949051482e-06,0.9999944166303414
2,0.28456684447506114,7.343171250823857e-06,0.7154258123533201
0,0.9999828730235673,3.348994380670119e-06,1.377798195804828e-05
0,0.9999012463383485,9.871131960401933e-05,4.234224066863936e-08
0,0.6872370690543146,6.299719678675934e-05,0.3126999337491452
2,0.029092891239383623,7.648887424845472e-05,0.9708306198859163
2,0.27921329832827146,2.83470511651877e-05,0.7207583546203852
2,0.000356805750400397,1.3907217289304563e-06,0.9996418035280932
0,0.9999883038728574,9.04626856434018e-07,1.0791500431846919e-05
2,4.594181730669315e-06,2.193799861118831e-06,0.9999932120184267
0,0.999324459245173,5.5474317257622486e-06,0.0006699933228789401
2,5.527596935226631e-13,0.012468404676856693,0.9875315953229074
2,0.0028906625356678694,6.644984464328091e-06,0.9971026924798809
0,0.8096925414022546,5.011281555777747e-05,0.19025734578188713
0,0.997608920742276,1.6841421689868334e-05,0.0023742378359971534
2,4.696462375156623e-06,1.9866617233658023e-05,0.9999754369207019
0,0.9865135280972567,2.4540519910257955e-05,0.013461931382825788
0,0.9996926934610187,2.9930829421852054e-06,0.0003043134556332015
2,0.0005372289133495006,5.615988107893753e-06,0.9994571550987692
2,1.0962929073662109e-07,1.7494618273970025e-05,0.9999823957526829
0,0.9999940148997604,1.1952264056694213e-06,4.78987367071286e-06
2,4.3645080213862644e-07,2.128413824963677e-06,0.9999974351354618
2,0.4448573464279489,6.582999482541206e-06,0.5551360705726726
2,0.02401255167539624,4.960840777189397e-06,0.9759824874835723
2,3.085032805142525e-06,1.7931390116199095e-06,0.999995121827926
2,1.2024738428965504e-06,1.9302943449667244e-06,0.9999968672322169
2,1.3250937347355575e-07,4.160449814740132e-06,0.9999957070405178
0,0.6193967454179024,3.747305208487865e-05,0.38056578152981757
0,0.999991932685388,8.035564827191334e-06,3.1749924889819406e-08
2,2.5385358845200504e-11,7.979265852261443e-05,0.9999202073162553
0,0.9999985122260268,9.514010899452601e-07,5.36372430637495e-07
2,5.9180903768867476e-05,2.262257580719828e-06,0.9999385568385671
2,0.06847435617580812,4.814939427816547e-06,0.931520828885033
0,0.5917954766257527,1.360151965178338e-05,0.40819092185423855
0,0.9991038124085831,3.2682075355357435e-06,0.0008929193838971892
2,0.00018253180504506419,6.427632983944158e-06,0.9998110405621194
2,0.019806232294123684,5.5744308059402584e-06,0.980188193275445
2,2.1106043264166058e-05,2.4849057506611834e-06,0.9999764090507252
2,3.98206316286062e-09,2.107348678662355e-05,0.9999789225314433
0,0.9999624195510789,1.4350583149140195e-06,3.614539084387534e-05
2,0.0031393745858226034,3.519542826986616e-06,0.996857105871501
0,0.9070987365661382,1.1862590723661953e-05,0.09288940084335741
2,1.5983682350195362e-05,2.868580084325255e-06,0.9999811477376989
0,0.9999969590526996,7.357605917680362e-07,2.3051864000590587e-06
2,0.0015110156481616607,2.249920069880479e-06,0.9984867344322049
2,1.083723010072177e-06,5.9119034202675036e-05,0.9999397972429501
1,9.531774832248579e-17,1.0,3.627181319198856e-42
1,1.9745672146249327e-15,0.9900227357735388,0.009977264226648587
1,6.0455085256095845e-06,0.9999939544914856,1.3268383653429835e-23
1,0.00031940384055346896,0.9311058857337168,0.06857471042558345
1,1.9013222807826175e-09,0.6070016054875661,0.39299839261154745
1,1.5071628905696696e-25,1.0,4.5206783451914114e-55
2,0.33574174402004875,0.007921112442467619,0.656337143537338
2,2.435956868266784e-07,7.515971027492177e-05,0.9999245966936369
2,0.2753694460612889,0.01917484643762961,0.7054557075008935
1,5.021789072847902e-157,1.0,1.6964837017529325e-114
1,2.44551952424237e-13,0.9999901324995596,9.867500370463915e-06
1,3.931095773068347e-12,0.9999883974287591,1.1602567024213666e-05
1,1.376015542687731e-06,0.9999986239845756,7.817888460971911e-19
1,3.315496502391919e-31,0.9999999999918145,8.370153018993119e-12
0,0.9492809944241823,0.007021319492192459,0.04369768608363881
2,1.1856726573416796e-07,5.5231319617190814e-05,0.9999446501126836
0,0.9976064580437642,0.0004202195536712134,0.001973322402646832
0,0.9976820587633154,0.00010942914832336154,0.002208512088514225
2,5.644722382607856e-06,9.383568397462943e-06,0.9999849717088758
2,0.2360590135875773,4.984919757099028e-05,0.7638911372147533
2,1.8243292944899482e-06,7.080046555576506e-06,0.9999910956244905
0,0.9999147160022398,8.526144503609826e-05,2.2552691982999342e-08
1,2.104538827464139e-117,1.0,4.41762306416614e-174
1,0.0006443621092195771,0.9993555462834179,9.160742933606636e-08
1,7.349649868798377e-11,0.9999886355808498,1.1364345738493e-05
1,0.020816326858229338,0.9791836711316665,2.010278824392779e-09
2,2.6439579242278865e-10,0.020341357836700814,0.979658641898673
0,0.9700132295807313,0.00027295821953166375,0.029713812199473066
2,3.4732352002293e-07,5.365727042802715e-05,0.9999459954064318
0,0.7517856986942022,0.0005548837732599589,0.24765941753281157
2,1.2663041226347238e-12,0.05399515576819981,0.9460048442302945
2,0.0035987106589651765,0.0008980525768969752,0.9955032367639182
0,0.998941133564266,0.00011365674264428083,0.0009452096928636931
2,1.82742578356213e-05,7.43582044297768e-05,0.9999073675377269
2,0.049653868525003156,6.345309930045111e-06,0.950339786165025
0,0.9992080235194577,1.2871670167682114e-06,0.000790689313489412
2,1.286851313190204e-06,2.058798022634352e-06,0.9999966543502102
2,0.005523599381141395,1.8219805902373045e-06,0.9944745786383193
0,0.9999972690185134,1.77569444387244e-06,9.552869334153944e-07
2,3.7141865910866708e-09,0.0003635898190411049,0.9996364064668175
0,0.9998515094230372,1.2858878619094537e-06,0.00014720468877779864
2,7.02423452663486e-07,3.3780233549363868e-06,0.9999959195530695
2,0.0019025421924525584,1.7332066467623387e-06,0.998095724601291
0,0.9998981280975293,5.429110763114371e-05,4.75807949130974e-05
1,1.432107130318702e-15,0.780464340520514,0.21953565947952766
2,0.0009373923996889324,7.803295883636716e-05,0.9989845746413308
0,0.7969928788873842,1.8157802776323626e-05,0.20298896330942998
0,0.9945463009976437,8.623025435030614e-05,0.005367468748330001
0,0.9999028094064999,7.757398280706969e-05,1.961661068664757e-05
2,0.06431295591065254,1.0852955073394288e-05,0.9356761911343634
0,0.4997099491825176,7.969602008044041e-06,0.5002820812150709
2,2.1207778286631497e-10,3.023762145112955e-05,0.9999697621666805
0,0.9999422515606434,1.1031001864814085e-06,5.6645339204768905e-05
2,1.1184631803986126e-08,1.1408040974826869e-05,0.999988580774414
2,0.0001602813280251589,1.5650100228642593e-06,0.9998381536615745
2,0.04928440033456846,3.5313882521612343e-06,0.9507120682768487
0,0.9999479093274024,5.1830644036129884e-05,2.600284341400366e-07
1,5.236127159417361e-47,1.0,6.5676208265256745e-22
0,0.9973273855438402,0.0004435114158611093,0.0022291030398722536
2,0.004724247035991238,3.617165520901701e-05,0.9952395813091776
2,3.42860059693392e-10,0.06123628446726064,0.9387637151902444
1,1.975680297633592e-33,1.0,6.146333638434524e-66
1,1.2617946482212092e-06,0.9999987382051361,4.302804506626488e-22
1,0.0005387709103404904,0.9994612290895128,4.697493788482554e-16
1,1.2197724810493175e-146,1.0,6.972771471817374e-106
1,1.4353546777133323e-99,1.0,6.610097384646049e-149
1,3.515772512643976e-14,1.0,2.3626110282023343e-32
1,8.049975984763478e-12,0.9999999999918145,1.2070485837074193e-27
1,3.1098872796513966e-30,1.0,1.4743756459831308e-18
1,2.378033062409639e-18,0.9999966600136148,3.3399868334612206e-06
1,3.14568888174362e-33,1.0,5.1877853329109195e-62
1,1.1393161544414738e-14,1.0,3.226619591334984e-32
1,4.2780025292119496e-08,0.9999999572200986,4.8606647703180015e-20
1,9.064600228526237e-25,1.0,3.9891680694176847e-13
1,0.0,1.0,0.0
1,1.6429586619912105e-32,1.0,1.993082184625256e-33
1,1.0141966928845184e-41,1.0,4.90159722035487e-31
1,4.911342364654752e-27,1.0,1.4094724108056708e-30
1,5.383167682724778e-25,0.9999999998244675,1.752853857073401e-10
1,5.009369230002086e-19,0.9999998709790899,1.2902048433136478e-07
1,1.5285747619643589e-09,0.9999999984711394,3.0008499063009084e-15
1,6.269476644638039e-14,0.9999979528559415,2.047143609405405e-06
1,6.623745407420853e-10,0.99999869061043,1.3087267979716302e-06
1,1.9414659879399013e-12,0.9999741018379934,2.589816038755154e-05
1,8.121967732314997e-13,0.9999717944750658,2.8205523968519155e-05
1,1.7271148334310546e-11,0.9998428817878144,0.00015711819517974374
1,0.09140092841032806,0.9085990715895126,1.1798796481831025e-15
1,9.945715686154926e-38,1.0,8.414686180941433e-16
2,0.06446332643771478,0.00025985182070998843,0.9352768217414941
2,8.11846148721963e-08,0.000267879098436293,0.999732039716957
1,2.7226826552944715e-07,0.9999997277318842,6.540081988766013e-26
1,2.5370304888800932e-20,0.9999793744335667,2.0625566727294884e-05
1,2.7592951784922693e-46,1.0,5.209563725998252e-62
0,0.7507475538400236,0.0006523337683320519,0.2486001123920341
2,4.155450015970884e-07,7.047993913355902e-05,0.9999291045162831
0,0.9999098777401714,8.84035874186364e-05,1.718671984375288e-06
2,2.8507016455787642e-11,0.17655657634829203,0.8234434236228544
1,2.0414147026303452e-54,1.0,2.0798102471333715e-60
0,0.9962784992108206,0.0037091884782147378,1.2312310917965905e-05
1,3.6892072657898984e-54,1.0,6.50732913130563e-61
1,2.8589066611477504e-70,1.0,3.5884924519621416e-94
1,2.520614957098191e-18,0.999148311257145,0.0008516887429398916
0,0.9975536721704856,0.002446082414452145,2.4541545635818293e-07
0,0.9887421114593195,0.0007231758120314634,0.010534712728966259
2,0.02296217215139324,0.0007544129182173456,0.9762834149306375
1,3.406948156374869e-08,0.999999965930329,1.5558827122684891e-27
0,0.9660092251250404,0.03314109915271957,0.0008496757225081608
2,5.936318801868062e-09,0.001449423418476811,0.9985505706456305
2,0.003735674857254492,0.0013763017809604965,0.9948880233619926
1,0.0,1.0,0.0
1,6.945452421328235e-25,1.0,5.2216623209223745e-25
1,4.6767906904913325e-29,1.0,4.488628548298046e-33
1,1.0842249151094059e-28,1.0,2.006997844880716e-32
1,2.0225402311754864e-16,0.9999999986703187,1.3294035513829195e-09
1,3.2512201448961814e-235,1.0,7.200907910893629e-184
1,8.825471395033417e-34,1.0,1.493683956953636e-19
1,1.3417310504012388e-27,1.0,3.0851106646532126e-19
1,2.192057854227459e-25,1.0,3.091043710521426e-38
1,4.82533438227023e-32,1.0,6.882833401902891e-15
1,9.525465621280824e-15,0.9999999995088729,4.913000636683514e-10
1,1.3943937644884726e-13,0.9999999706487874,2.9351519367518748e-08
2,0.059611626222998856,0.02032972638713747,0.9200586473900854
2,0.007678072079346401,0.0003170806994262983,0.9920048472212336
0,0.9991633892382158,0.000836604770956223,5.99056685692134e-09
2,0.00029482616579304654,0.00017264094415662354,0.9995325328901492
2,7.742298107992127e-06,7.885764682432031e-05,0.9999134000546833
2,0.00024885305641711544,8.866906568006203e-05,0.9996624778777266
1,5.229144686058487e-247,1.0,0.0
1,8.152397088222001e-10,0.9999999991850927,2.3738535629718438e-18
1,2.479483190793835e-23,0.9999999999990905,6.685098322520461e-13
1,9.100586264613482e-09,0.999999990895958,3.8927622327089555e-12
1,2.394079081052929e-07,0.9847008222531745,0.015298938338903284
1,1.3739497845985651e-17,0.9996692513346946,0.0003307486651773651
1,4.569504848232884e-06,0.6867565967329492,0.3132388337619682
1,6.306642171486527e-11,0.9999999999372449,2.7200942026622503e-29
1,8.727817036167373e-41,1.0,7.502087773496467e-19
1,0.013987737449548428,0.956905513417211,0.02910674913367282
1,0.13898726124372693,0.8574148936753712,0.003597845080857461
1,3.1006172044338304e-05,0.6382391579082477,0.3617298359201159
1,2.3847776957929146e-14,0.6772738975095208,0.32272610249060646
1,0.44785597253101933,0.5521440274675521,1.313903467132607e-12
1,2.2550729070128293e-26,0.9999999815481717,1.845208552218267e-08
1,1.2642619824379427e-12,0.9315953056158185,0.06840469438298155
1,0.002729499652561706,0.9972705003470761,4.269459166592337e-18
1,7.407836141178634e-51,1.0,3.491426687021301e-26
2,0.08522609863587186,0.010615075528902045,0.9041588258356076
0,0.8040186980292707,8.322022897586621e-05,0.19589808174212256
0,0.7639406196964532,0.004305480428129849,0.23175389987533596
1,0.0013806924164087807,0.9986193075833458,2.6442427246549187e-20
2,6.5735471039631135e-09,0.007868030503933098,0.9921319629228192
2,2.1448993636689985e-10,0.00030634327499396785,0.999693656510414
0,0.9998134849685857,1.936655255182816e-05,0.00016714847856237052
2,5.734860334405335e-08,4.05795076193515e-05,0.9999593631435947
2,2.0455088880710693e-05,6.202522580434402e-05,0.9999175196855464
2,0.000148938457879716,1.5230856018529884e-05,0.9998358306860615
0,0.5311776549323713,2.304188793996119e-05,0.46879930317934415
2,0.01954921895166384,8.505283395806788e-06,0.980442275765198
0,0.9999967333204646,2.0507099815761237e-06,1.2159691390200574e-06
2,0.00048475460619509857,3.869512573459331e-06,0.9995113758813323
0,0.9999787968992296,2.1202962791811576e-05,1.3766089550100437e-10
2,3.6740732872589225e-05,9.888273772022376e-05,0.9998643765293055
1,4.898400320887673e-24,0.9999982294691321,1.7705309697254852e-06
2,0.0030120586016484222,9.725672979676969e-05,0.9968906846681903
0,0.9999859246435483,1.2558604137236657e-05,1.5167524345649382e-06
0,0.9922715451282672,0.0001537298201197292,0.007574725051501454
1,2.48054888727667e-17,0.9658383910277251,0.03416160897259912
2,0.05424072778540682,0.00017761126403777335,0.9455816609505767
2,0.04648350401367994,6.5901853820593784e-06,0.9535099058008237
0,0.943354261987158,9.039708867383598e-06,0.05663669830374857
2,0.003131342660237831,3.0929432374992477e-06,0.9968655643966317
2,0.01722585689708155,2.6732643009174785e-06,0.9827714698389147
2,2.7872342318874237e-06,1.1488796831135045e-06,0.9999960638856622
0,0.9987498691698464,1.4704822718500076e-06,0.001248660347699782
2,0.0019622520536038213,2.2513777905632204e-06,0.9980354965682116
2,0.00042577550280362256,1.702724213763766e-06,0.9995725217729307
2,6.397377248206584e-06,2.2181390699002962e-06,0.9999913844838438
2,0.007057062336026581,2.554480068148178e-06,0.9929403831841171
2,5.027475774066898e-05,1.4486183718693004e-06,0.9999482766241423
0,0.9997349724794231,3.7189918872628945e-05,0.00022783760202557652
1,5.127712904146717e-18,1.0,3.770174213207031e-44
2,1.5977867756404817e-07,0.003787601359534428,0.9962122388619115
0,0.7386744034952103,0.00017454920381228587,0.2611510473009169
0,0.9960864362715998,0.003913563444387731,2.840780221257989e-10
2,4.741183812002019e-15,0.45861686298781185,0.5413831370120219
0,0.4208892892299376,0.00016533880668827947,0.578945371963635
2,0.20524053410794071,1.0567558094338844e-05,0.7947488983340457
2,0.04739301908333976,1.369495286822709e-05,0.952593285964206
2,4.2504543377815515e-09,4.960725906791039e-05,0.9999503884902513
2,0.02585023057439133,8.666709163505905e-06,0.9741411027164091
2,0.02687887589481423,7.288946137483754e-06,0.9731138351587793
0,0.9985503102996287,4.209213044439492e-06,0.0014454804873711452
2,8.298064535501495e-07,7.555790589475337e-06,0.9999916144030595
0,0.908773739603006,0.09122626039738739,1.3563490866264162e-14
0,0.993899794862083,0.006100205124836808,1.2922448960269288e-11
2,5.35053506313435e-06,3.335648968187154e-05,0.9999612929756804
2,8.4623145755715e-09,5.0880590541108196e-05,0.999949110947226
0,0.9999957390800601,1.486425494592223e-06,2.7744940297872232e-06
2,2.4222779946987673e-07,2.5237433563200643e-06,0.9999972340285294
0,0.6649135272506594,1.1450335519192618e-05,0.33507502241372783
0,0.9999675393394566,1.1489209187994534e-05,2.0971451601864224e-05
2,0.00017907674692023385,7.886092341861561e-06,0.9998130371606447
2,0.15681263608120813,5.1790320776655994e-06,0.8431821848865263
2,0.00017019008040690422,1.0362324251311687e-06,0.9998287736869576
0,0.999996809152069,3.184594231009134e-06,6.253457412174326e-09
2,1.8245096306597297e-10,5.827472613478841e-05,0.9999417250910702
0,0.9945006441552081,4.6425637813360815e-06,0.005494713281139148
0,0.8803907736794773,1.018258829269061e-05,0.11959904373235382
2,0.006106650881194245,4.082578217920921e-06,0.9938892665406396
2,2.431843007224054e-10,2.845501592301732e-05,0.9999715447412625
0,0.9999655860866372,1.264136534509562e-06,3.3149776798104604e-05
2,0.129011544825667,1.9748792633956224e-05,0.8709687063812721
2,0.009558131341375661,2.8878161661534566e-06,0.990438980842676
0,0.9993004855744105,3.251417859602877e-05,0.0006670002467343892
1,9.994599313710102e-44,1.0,4.8565120798181337e-20
2,1.2772257500897826e-07,0.0007286233733151612,0.9992712489040326
0,0.9395740709718234,5.1556490729076284e-05,0.06037437253710694
2,0.0009794002365145157,3.8765012478787134e-05,0.9989818347505758
0,0.9992112129628292,1.9436272324535506e-05,0.0007693507648584567
1,7.622007437920907e-12,0.7240993292936262,0.2759006706990648
2,5.188136552492879e-09,0.00041513990050688984,0.9995848549116463
0,0.6948651541098363,1.2309051946728749e-05,0.30512253683841334
2,0.0004439689048983151,2.2251717936343677e-05,0.9995337793770844
0,0.9998961167086524,0.00010381672830677227,6.656303135614573e-08
1,1.6012040684483426e-14,0.6937497354211233,0.3062502645788172
0,0.9994518285098913,9.053415215279787e-05,0.00045763733778068607
0,0.7395871558808121,1.1094762635383676e-05,0.26040174935639127
2,0.00022969161385938687,4.1589819016012526e-06,0.9997661494041402
0,0.9122212810932402,3.238732193358718e-05,0.08774633158466133
0,0.9996697626418287,3.274839217825821e-06,0.00032696251935166327
2,2.532774140672089e-06,1.9926812714582113e-06,0.9999954745446838
2,0.002195158205135611,1.3180118233590409e-06,0.9978035237831289
0,0.9258704263664425,6.235753540117718e-06,0.07412333787994296
0,0.9897575354866583,0.010242464512551995,7.315051484884619e-13
2,0.005016708759358645,8.66820450342566e-06,0.9949746230357318
2,7.991526396960448e-12,0.002761516244780646,0.9972384837472125
0,0.989745090628388,0.010254909370675358,9.758669034938033e-13
1,1.0270071286515498e-15,0.8113006638259077,0.18869933617453694
2,0.004572912194427567,8.21712551304446e-05,0.9953449165506149
2,0.015697079468472177,3.0648486144114296e-06,0.9842998556830338
2,0.10664130090633395,7.321954038913061e-06,0.8933513771399694
2,2.8570167726101114e-09,8.842948840581022e-06,0.99999115419452
0,0.9997659387889877,1.0935358657092054e-06,0.00023296767517369163
2,1.1446484719729136e-07,3.6286375231248117e-06,0.9999962568978867
2,0.018523796926720355,3.380496640964638e-06,0.9814728225770638
2,0.1292813434319612,4.9497697142533015e-06,0.8707137067978785
0,0.9989072134234886,0.0010927865740228665,2.7339257532564613e-12
0,0.9128949573175296,1.4538117056832443e-05,0.08709050456527949
2,7.037314372768134e-05,1.9527469634194695e-06,0.9999276741090674
0,0.9999726403525777,3.1594329129783215e-06,2.420021471221479e-05
2,1.642541831359849e-09,2.040617358626245e-05,0.9999795921839585
0,0.9999961577124088,2.0243032446524108e-06,1.817984190998836e-06
0,0.9999869450682094,5.28172847313477e-06,7.77320367671423e-06
2,3.70519467537081e-11,0.00033546587405764713,0.999664534088804
2,0.005164661639970833,3.6844167985151434e-06,0.9948316539428772
0,0.9999920122191517,1.5075546149430402e-06,6.480226270585857e-06
2,4.916794549905739e-10,2.1654724920259417e-05,0.9999783447836406
0,0.9745300670517828,3.6826115300445423e-06,0.025466250336834473
2,0.012853086115616927,4.507601905435157e-06,0.987142406282494
0,0.9999465870473415,5.3412813031110124e-05,1.4001340305295538e-10
0,0.7012220319980423,3.1225745306708514e-05,0.2987467422562985
2,6.744319736916147e-06,1.581773093483846e-06,0.9999916739071626
0,0.9992535267045031,2.6311502498480385e-06,0.0007438421449768938
2,9.542032533287306e-08,6.808231240503929e-06,0.9999930963487729
2,0.04444932715528123,3.695657377160269e-06,0.9555469771873435
0,0.9999973287403217,2.6168377266403844e-06,5.4421717807672406e-08
2,2.573232395396879e-09,1.673556737781116e-05,0.9999832618596195
2,0.002512249675259234,0.0021884510705126457,0.9952992992545813
0,0.5291985023261541,7.036892091048074e-06,0.4707944607821876
2,0.028031129493538594,5.614969739500051e-06,0.9719632555370906
2,0.0013024471811637853,1.3312003466116942e-06,0.9986962216188708
0,0.9985645588242656,0.00012289124253505186,0.0013125499336078476
0,0.9254789470725434,1.6321850194421787e-05,0.07450473107771018
0,0.9992490888714378,4.7884275542769065e-06,0.0007461227006929136
2,1.334073206870393e-05,2.3035696637642368e-06,0.9999843556984623
0,0.9998273682763741,9.047535351702448e-07,0.00017172696980647138
2,0.009662513906146902,4.433155905025182e-06,0.9903330529382006
2,0.0037253604210794344,1.7021114825547444e-06,0.9962729374677908
0,0.9994073484652032,1.2093936515213634e-06,0.0005914421414054921
2,3.7393894201987337e-06,1.2785935610187764e-06,0.9999949820174543
0,0.9898717929123463,2.1934568401349764e-06,0.010126013630951725
2,0.005713631813569281,3.863641116995978e-06,0.9942825045449574
2,0.0015585542315916868,1.5501720289170332e-06,0.9984398955968045
0,0.9997164001075511,3.1471490801368416e-05,0.00025212840152859754
1,3.4432027074792593e-17,0.9750648051891407,0.024935194811218836
2,0.00026977894727372076,9.492094629727858e-05,0.9996353001066486
2,3.3515998912156376e-06,2.5482700904412656e-06,0.9999941001298214
0,0.9979010198136,0.0020989801821924697,3.863751421890413e-12
2,8.40806629376763e-15,0.14402974362894302,0.855970256370986
0,0.93442906361931,2.179608290070271e-05,0.06554914029743203
2,0.047465613096908395,5.59421283404929e-06,0.9525287926906342
2,0.012379764041183367,3.3703378532655738e-06,0.9876168656211516
0,0.9785011597261479,3.2390053745189174e-06,0.021495601268303344
0,0.6641266609560611,1.6985060890111273e-05,0.3358563539829525
0,0.9175897003205652,8.233136645299336e-06,0.08240206654270915
2,0.012499104103542399,3.7858036583047647e-06,0.9874971100930977
2,0.00029997661307857074,1.8071602536081103e-06,0.9996982162267448
0,0.9999068902046634,9.310970732596954e-05,8.816060896569354e-11
0,0.8795436224141843,0.00027443338971439165,0.12018194419591871
0,0.9936045692536274,0.00010689244711315984,0.006288538299504422
2,1.8758590047247105e-08,0.0006553715272678128,0.9993446097145119
1,0.0004828843620840359,0.9995171156377753,1.0290535761794365e-22
2,0.003594717086036659,7.994080926032505e-05,0.9963253421051557
0,0.9990219742598501,0.0009780257356889746,4.8820131421060005e-12
2,1.1710748823304956e-06,0.00012909350784874116,0.999869735417215
2,9.087187479015875e-05,2.4486083313643148e-06,0.9999066795171195
2,0.0005271435307431855,5.636489927515769e-06,0.99946721997925
2,2.103407618755798e-07,4.3181308003086505e-06,0.9999954715288131
0,0.5389836528766316,1.2333291184519381e-05,0.46100401383201756
0,0.9999331240595282,6.672625076945565e-05,1.4969008818224296e-07
1,1.3299889001418791e-15,0.713615751099794,0.28638424889985803
2,0.0003884273260765061,3.409754467702029e-05,0.9995774751296789
2,0.046877031201315415,5.249956689662723e-06,0.9531177188416949
0,0.9999974448388359,1.99167831762666e-06,5.6348322588372e-07
2,1.8425785603721806e-07,3.6928410526604327e-06,0.9999961229007239
2,6.211838166556213e-05,8.132087266219185e-07,0.9999370684093593
0,0.9999986941419934,1.0923250641045774e-06,2.135331981211908e-07
2,0.009631003115991446,4.1437846646536e-06,0.9903648530994932
2,0.00040664889603440126,1.324314778546252e-06,0.9995920267887681
0,0.9867084637646331,2.825039927511225e-06,0.013288711195257742
2,0.008650733538998983,3.3639791411617273e-06,0.9913459024816477
2,0.0030316580754658905,1.5217629294790364e-06,0.9969668201613916
0,0.9804365160144031,3.2485400436110297e-06,0.019560235445662412
2,0.14007284038625886,0.00042179963914537523,0.8595053599749096
0,0.5620778552938797,1.2026494293840247e-05,0.43791011821200176
0,0.9973243686409298,5.579945882764359e-06,0.0026700514132169013
2,4.673345791631964e-06,2.2111261074878154e-06,0.9999931155280649
0,0.999755844675093,7.881191812025018e-06,0.000236274132655074
2,0.07055266481584595,1.3100932800288109e-05,0.929434234251435
2,0.004613018473118582,6.097949394642033e-06,0.9953808835774026
2,0.16363606895965457,9.933624262715729e-06,0.8363539974157059
0,0.9998682405393127,6.438043456737419e-06,0.0001253214175245094
2,3.55317083828572e-05,2.2051346157759755e-06,0.9999622631566218
2,0.0003197245660531859,1.4543776123096027e-06,0.9996788210562129
2,0.006726270857490022,2.2050597602928163e-06,0.9932715240823375
0,0.8053999273641891,7.866519483863597e-06,0.19459220611635308
2,1.578637448340847e-08,0.00020091850620729805,0.9997990657076473
2,0.1880217093010466,1.270663376063106e-05,0.8119655840652159
0,0.9931794666595908,4.553617955131786e-06,0.0068159797221633974
2,2.4221218356817906e-06,1.6232888521017655e-06,0.9999959545893916
0,0.9999899747092553,1.002068654348238e-05,4.604252410411302e-09
2,0.009396266483251085,9.73517741897258e-06,0.9905939983389163
0,0.9969581974889324,5.876663177558586e-06,0.0030359258482791575
2,0.00044032084640442963,3.859783944576156e-06,0.9995558193695525
2,0.16426104393631333,1.9559168995796754e-05,0.8357193968946838
0,0.9999750323565552,2.4827331243810916e-05,1.4031191132504105e-07
0,0.9992268421289918,4.356367652709231e-06,0.0007688015037871611
2,1.0777952358075824e-05,3.9624223663966075e-06,0.9999852596251471
2,0.00020570056545028855,2.133369770052662e-06,0.9997921660651288
0,0.992852462446719,6.4200394770414634e-06,0.007141117513619483
2,0.0033495053101747062,3.026090368591364e-06,0.996647468599024
0,0.9972786166657234,1.1955027104363695e-06,0.002720187831388665
2,7.128570080806726e-05,1.795850091802228e-06,0.9999269184494015
0,0.9986392310419991,1.1466679661146612e-06,0.0013596222898609562
2,4.548060206545941e-08,2.5216799260933436e-06,0.999997432839903
0,0.9997704521149848,1.1800818332794872e-06,0.0002283678032481881
2,0.005185386038447051,3.648703950542365e-06,0.9948109652578383
2,0.017949346214936657,2.7363420181361878e-06,0.9820479174426976
2,7.148824526232341e-06,9.732968844666829e-06,0.9999831182064367
2,0.0019445204865746123,1.4824744125744782e-06,0.9980539970386195
0,0.9451798583310005,5.234926403153716e-06,0.05481490674229034
2,0.501234732489168,1.883978773764449e-05,0.49874642772295064
2,0.003058081134402109,2.73500465940081e-06,0.9969391838610083
2,0.0005675277882344758,1.7975857107188756e-06,0.9994306746264313
2,0.01582411504717359,4.81353172050517e-06,0.9841710714210061
0,0.9073149081841385,5.8100658763330525e-06,0.09267928175041286
2,9.609939542475483e-08,5.771398221096028e-06,0.9999941325021853
0,0.6672610328762146,1.169004115297283e-05,0.3327272770825404
0,0.7440360892241272,3.6536934222924556e-05,0.2559273738418705
0,0.6644018839213838,1.703295263708655e-05,0.33558108312640256
2,1.0798495258849746e-08,5.97485780349931e-06,0.9999940143440624
0,0.9981519506917838,0.0018480493077842992,4.806710390218206e-13
2,0.03234740205818482,8.467818461593544e-06,0.9676441301232045
2,0.0019174000905316745,1.7505268643176023e-06,0.998080849382401
0,0.9963791459428761,8.210848208606136e-05,0.0035387455754450855
1,1.8645576546487296e-11,0.9999999999809006,5.003310650936912e-32
0,0.9988122205888181,0.001160511567114541,2.726784450853767e-05
0,0.7858926082404367,0.0015185467806174927,0.21258884497878838
2,3.0637895699658724e-11,0.0064957377627644294,0.993504262206517
0,0.9997009211542269,0.0002990788125360211,3.355580814541162e-11
0,0.9975934799643276,0.0024065200293799664,5.864584848217084e-12
2,0.0002822866268260183,2.3809895285193662e-05,0.9996939034780816
0,0.9505933382236733,0.049406661713478864,6.278714376733726e-11
1,4.86318803090331e-20,0.9999037331372927,9.626686291364268e-05
1,2.9630542963523567e-47,1.0,8.196270559150895e-85
0,0.8892290355389716,0.11076935416130981,1.610299802835937e-06
2,0.09654769571893483,0.09529455218650566,0.8081577520941833
1,1.40271251155696e-26,0.9999999994379323,5.624266406870865e-10
1,1.963885608974147e-216,1.0,1.2724258110413764e-165
1,2.12509758951749e-15,0.9999999999990905,1.0018211059095844e-12
1,2.0665246854301808e-14,0.9999999999718057,2.8361393974039208e-11
1,5.003591702640388e-09,0.9999999157726087,7.922369418277851e-08
1,0.0022727317387933395,0.8134247730673144,0.18430249519411765
1,0.008311298383299581,0.7414315341700015,0.2502571674470902
2,0.07389208998407477,0.33048591222702145,0.5956219977892944
2,0.010159589050943715,0.05819794405476769,0.9316424668941796
2,0.000524553680619731,0.0003932167252445061,0.9990822295942268
0,0.7407968212680759,0.0008839189452312403,0.2583192597863639
2,0.0011222493510473302,0.00017981280388950046,0.9986979378446214
2,0.09036083665266417,0.0006043373638385303,0.9090348259836903
0,0.9993513445097087,2.8369811602414658e-06,0.0006458185095636817
2,0.0048806367583194375,4.114983057976681e-06,0.9951152482589567
2,0.004718368745391347,2.712434358156629e-06,0.9952789188205194
2,0.0071390450621414995,2.901097847636565e-06,0.9928580538395728
0,0.9851296396483779,4.676107171708062e-06,0.014865684244660046
2,0.007085086034286272,5.506344979315665e-06,0.9929094076207056
2,5.522108119854046e-06,1.6490988248630207e-06,0.999992828792776
2,0.00820953871166742,2.51588616699681e-06,0.9917879454018657
0,0.9034140819669442,7.1054506695817105e-06,0.09657881258277258
0,0.9557155011805671,2.0737300675567873e-05,0.04426376151854429
0,0.9919938372032848,1.0448874803051873e-05,0.007995713921976504
2,0.015381605860329972,7.713793349721611e-06,0.9846106803466023
2,0.18001145037789415,1.0538911450705301e-05,0.8199780107107622
2,0.0006021972996313072,2.959738833542902e-06,0.999394842961109
0,0.9999927420257885,7.256808367427417e-06,1.1657725142721013e-09
2,3.3721343815463924e-05,1.5954610253157728e-06,0.9999646831954249
0,0.9991442116802567,1.2122148792435204e-06,0.00085457610487797
2,0.04162372477684868,9.31795067356621e-06,0.9583669572727656
2,5.499395418788219e-05,8.872816447505087e-07,0.9999441187645001
0,0.9999956214647133,4.361473037563844e-06,1.706236414216801e-08
2,0.4373496534022233,1.9028070204488563e-05,0.5626313185273096
0,0.5148430082449468,1.1714689046001454e-05,0.485145277065757
2,2.352074606052435e-06,8.085040797632009e-05,0.9999167975174531
1,0.0,1.0,0.0
1,1.5470406448738243e-15,1.0,6.950948383942543e-21
1,7.910907836904525e-16,1.0,3.951716769948562e-18
1,7.7980700991727e-45,1.0,2.0440516727312303e-27
1,6.300705608480031e-14,1.0,4.9799604687182726e-31
1,4.1339653003217577e-16,0.9999810075572045,1.8992443105257473e-05
1,7.204706122284106e-05,0.9999279526981055,2.40898998191671e-10
1,1.1906162834053576e-05,0.9999880937884271,4.840044619862468e-11
1,1.1196150414446805e-06,0.9994944789980573,0.0005044013871190276
1,1.9318726296738658e-07,0.999367798538818,0.0006320082738704005
1,5.324860123768023e-08,0.9999999467518151,3.492304583127309e-19
1,0.0012264002881694268,0.9972257592724689,0.0015478404389238562
2,0.0011661648406631506,0.00011179097023238503,0.9987220441889387
2,2.183439648369163e-09,0.0018300362584356244,0.9981699615581768
1,1.4215495646537775e-20,1.0,8.236016475927118e-48
0,0.9954082141031095,0.004590257015687915,1.5288812653462849e-06
2,0.0014764249777985822,0.008288622707718239,0.9902349523146856
1,3.559060423841632e-24,0.9999999140782202,8.59220650369584e-08
1,1.183997885664799e-146,1.0,4.140437150511131e-104
1,1.2999114689322725e-13,0.9999999999581632,4.199309694400936e-11
1,1.687313305096659e-11,0.9999999997562554,2.2669475325495187e-10
1,2.2498511341563405e-05,0.99997749958159,1.9069649735565398e-09
1,0.34853284785085653,0.6514624329854208,4.7191635929259626e-06
0,0.8781916085934074,0.11462795874603095,0.007180432660512214
2,3.55493746907184e-09,0.010714414282297243,0.9892855821629449
2,1.0079535908868214e-07,0.00044067325716883103,0.9995592259473831
0,0.9867720649241463,0.007603944481759815,0.005623990593802471
2,2.3578521270323996e-13,0.2842351370352642,0.7157648629641762
2,0.0002676303011464712,0.024705005153577892,0.9750273645452839
1,3.093719894566574e-07,0.9999996906281491,2.7905150370625133e-25
1,1.02329136638729e-37,1.0,1.0452143648182282e-16
0,0.6001421868074958,0.0004090745501453634,0.39944873864198205
2,0.10315411428833822,1.332482557956017e-05,0.8968325608862382
0,0.9813948785453611,2.7426350946385547e-05,0.01857769510325044
2,9.445059593963579e-05,6.812478868115456e-06,0.9998987369251084
0,0.8483960708826506,1.3387353789742696e-05,0.15159054176358736
0,0.977008501226346,1.5223514294657439e-05,0.02297627525897511
2,0.3355630085010165,2.8895256284969362e-05,0.6644080962429633
0,0.7189967400299427,2.2292003199174056e-05,0.28098096796709304
0,0.9998203932741158,0.0001795778034279169,2.8922117872246342e-08
0,0.9918321626507827,3.4388108640558955e-05,0.008133449240553398
0,0.999766103838201,0.0002247529573176191,9.143204098993667e-06
1,6.091363964468021e-21,0.9999981182144864,1.8817857937786445e-06
1,1.325484229037741e-09,0.9999999986748662,5.2085611679339214e-30
0,0.9906987210754035,0.009301278858932362,6.536185228501557e-11
0,0.999064883829864,0.0009351151231341022,1.0473283023500873e-09
2,0.00010416294764262485,0.1421938295314682,0.8577020075208537
2,4.036841704952094e-07,0.0018439566389030532,0.9981556396766832
0,0.9971289672715264,1.2138036291078354e-05,0.0028588946918734516
0,0.6724062061488657,2.6344502489069204e-05,0.3275674493483424
2,0.03520165859144828,8.990736612046384e-06,0.964789350671813
2,6.107987833581287e-07,0.00029613531737205404,0.9997032538841433
1,4.161831883194755e-235,1.0,1.462351553367e-311
1,1.9382478931320589e-66,1.0,7.838709110891544e-40
1,3.162430846477747e-26,1.0,2.702772540902083e-50
1,1.2200568027889854e-28,1.0,8.676509957905182e-15
1,4.6334967264567975e-05,0.9999459422875355,7.722745638923096e-06
1,2.8395016711001518e-185,1.0,1.3384270434234167e-136
1,4.871324444656019e-28,1.0,5.97137396704154e-17
1,4.18429293445894e-15,0.9999999999936335,6.230032055088033e-12
1,5.752325527209143e-14,1.0,7.451664490565164e-14
1,8.452564529581605e-12,0.9999807535338248,1.9246457376421413e-05
1,3.5040344358623615e-17,1.0,4.435466308110835e-33
1,1.949785350639141e-11,0.9999656112287533,3.438875206267937e-05
1,1.1200276931227457e-09,0.6419675575150886,0.35803244136462536
1,0.2983487860548841,0.7016512130369712,9.083670863299401e-10
1,2.617772577755535e-44,1.0,1.6906637327802925e-20
2,0.0020477373261066556,0.06537994896372085,0.9325723137103947
2,0.0035372945231866974,0.0013947737968920135,0.9950679316800186
0,0.9406948388300472,8.959665382562964e-05,0.059215564516004
2,4.3462800285612677e-07,0.0001298484626493526,0.9998697169095901
1,6.7038029895e-314,1.0,0.0
1,8.311673801475645e-25,1.0,4.638251160266928e-17
1,6.653327536896006e-24,1.0,1.5857925061022164e-15
1,4.405070339789869e-15,1.0,5.478380598542116e-23
1,6.691948571903914e-53,1.0,1.1711446006446896e-28
1,5.223441421256601e-11,0.9999866711001871,1.3328847488628388e-05
1,2.135801763509944e-07,0.9999997659351995,2.0484208392603176e-08
1,1.8354541493311295e-07,0.9999998164548911,1.5390832648266334e-14
1,3.8904117611357504e-39,1.0,1.3889694819062735e-18
1,6.25471116248601e-09,0.9999999937454049,1.273171077378983e-16
1,2.5592900936649115e-32,1.0,4.9180934805031084e-14
1,1.6669589963557368e-19,0.9999999861502147,1.3849465171262286e-08
1,2.1386531303170058e-11,0.9999999999781721,7.838280901384337e-31
1,5.957777122715815e-54,1.0,8.201199394015636e-29
2,8.664522303098941e-06,0.03511584434827443,0.9648754911295592
2,0.004882748383208447,0.027675536632906485,0.9674417149839573
1,0.013559216128723267,0.9864407838707754,1.502235147627848e-13
1,8.41561207903908e-19,0.9996274465728635,0.0003725534272015855
0,0.730097564195404,0.26990236705288895,6.875167429927334e-08
2,0.005370997682069353,0.04333898296401346,0.9512900193540211
2,1.137490210170263e-07,0.1614509257673416,0.8385489604838757
1,0.16563185078125056,0.8343681491516121,6.739055569811768e-11
2,1.9941827043216635e-08,0.007858181503923764,0.9921417985543309
0,0.970112948319785,0.029887051590904583,8.910568853054454e-11
0,0.995106880035402,0.004892997715776407,1.2224837254606949e-07
2,1.695840020918679e-10,0.00032613130868675873,0.9996738685219514
2,0.01782871320496641,1.7153408104154484e-05,0.9821541333865538
2,1.0496108026662055e-12,0.006987441137769579,0.9930125588613512
0,0.9312384793314101,0.0015412956960755954,0.06722022497262384
1,4.810398013543749e-05,0.9999518960195672,4.377128523056272e-22
1,1.175867352374881e-20,0.999903180412513,9.681958746717149e-05
0,0.9995414337796715,0.00045849081405300375,7.540655149696422e-08
2,2.395019762353623e-05,4.352496457411877e-06,0.9999716973055784
0,0.9990536859320951,0.00013181057213509126,0.0008145034958700559
1,4.125910413824616e-54,1.0,3.0482063765726822e-27
0,0.5467234249863627,0.03404923885637657,0.4192273361569836
2,0.0014111983528286782,0.00031512734916077403,0.9982736742982022
2,0.0009557912627351091,0.0011629944139406369,0.9978812143230644
2,0.007953167615993751,7.115912896967896e-05,0.9919756732550025
2,0.021464175841584728,1.8644358247485405e-05,0.9785171798005202
2,2.4445917802036014e-06,5.793896359796608e-06,0.9999917615116952
0,0.9996992847056533,0.00030064771331008653,6.758113600046249e-08
1,5.250311380200993e-20,0.9989550634324635,0.001044936567380601
0,0.998529818479864,0.00014915256905857104,0.0013210289512395953
2,5.140779304451553e-06,2.551304448557353e-06,0.9999923079162983
0,0.9999529647896169,2.358655909200909e-06,4.4676554510433275e-05
2,5.470117964037727e-06,1.5601116525605459e-06,0.9999929697707297
2,0.053566386065407944,3.6501236554180967e-06,0.9464299638109953
2,0.009954180744711504,2.679946317125161e-06,0.9900431393090993
2,1.7645132918859568e-05,9.237795788821896e-07,0.9999814310872904
0,0.9999878941994826,1.0150066543236095e-05,1.9557337536707426e-06
0,0.6412766037259877,0.3587233962743552,4.6955679365725046e-14
0,0.7391074177336894,0.0002367220245550829,0.2606558602419255
